Epoch	AverageEpRet	StdEpRet	MaxEpRet	MinEpRet	AverageTestEpRet	StdTestEpRet	MaxTestEpRet	MinTestEpRet	EpLen	TestEpLen	TotalEnvInteracts	AverageQVals	StdQVals	MaxQVals	MinQVals	LossPi	LossQ	Time
1	-288.01282	62.864178	-144.4872	-369.00983	-594.48224	2.9012907	-590.1457	-597.9551	1000.0	1000.0	9999	12.83894	10.06311	42.308537	-8.307191	-13.609468	0.4488335	78.59062600135803
2	-310.78796	260.86868	148.901	-577.0742	-602.8097	80.28977	-471.4475	-728.8903	1000.0	1000.0	19999	32.79985	15.254515	97.603615	5.6605706	-34.3412	1.0796576	154.30972909927368
3	413.89966	765.12244	1956.4764	-690.489	1969.4713	139.43216	2208.1006	1801.6527	1000.0	1000.0	29999	77.54417	28.908571	177.04604	28.92591	-79.23719	2.9851646	229.78961825370789
4	2381.638	901.2623	3339.1602	705.7807	2067.8062	1367.7146	3474.9182	-581.1764	1000.0	1000.0	39999	133.87086	62.357933	304.6884	23.675228	-136.10225	6.4295554	305.22469210624695
5	2603.2817	1177.1968	3623.3428	444.9045	2613.527	1652.3575	4377.095	-125.31753	1000.0	1000.0	49999	210.47594	94.61826	399.9284	45.12743	-212.91002	11.49337	381.47855401039124
6	3206.1099	871.0624	4047.2842	981.1453	3740.1516	546.4367	4409.9854	2348.2441	1000.0	1000.0	59999	274.4535	121.67819	468.19028	24.018497	-276.8534	15.764528	456.99783873558044
7	4420.345	387.73657	4853.985	3761.3218	4626.9497	389.7975	5016.119	3637.9712	1000.0	1000.0	69999	337.91614	128.35417	534.2642	32.42325	-340.668	21.073626	532.3638746738434
8	5279.1294	240.84837	5683.9263	4869.9473	5637.9697	362.32333	5948.733	4612.1763	1000.0	1000.0	79999	410.4347	118.75031	609.32697	115.76903	-413.507	21.572044	607.7596771717072
9	5028.5195	940.10443	6007.9893	3158.607	4572.8906	1118.6664	6014.511	2355.0823	1000.0	1000.0	89999	479.0854	111.1961	672.2649	198.9628	-482.29376	24.499725	683.0742239952087
10	5733.295	1300.4916	6493.515	1937.4587	4954.001	1806.6	6433.015	277.51633	1000.0	1000.0	99999	530.3679	123.8673	735.28015	229.65211	-533.4742	26.322884	758.4997475147247
11	6320.7314	275.5345	6850.565	5853.9688	5286.753	1896.048	6844.103	313.40097	1000.0	1000.0	109999	578.5271	129.58461	790.1816	262.64618	-581.84735	28.730024	833.7519953250885
12	6576.647	546.09564	7233.443	5667.642	7284.755	136.13664	7605.203	7072.002	1000.0	1000.0	119999	624.8546	127.784966	830.21857	311.0644	-628.0975	29.861177	909.0312852859497
13	6256.3975	1650.6876	7610.8115	2028.6062	7804.939	171.98495	8021.622	7569.4404	1000.0	1000.0	129999	665.3005	126.13772	891.3504	318.68143	-668.7963	32.31758	984.2694001197815
14	7246.9907	232.69437	7655.9263	6808.8325	6338.939	120.08918	6622.5713	6173.3877	1000.0	1000.0	139999	701.8818	124.81961	923.80835	392.2559	-705.2299	32.65932	1059.2479667663574
15	6466.0894	2005.9728	7541.804	516.84265	7377.772	1361.38	8184.7554	3362.6187	1000.0	1000.0	149999	731.264	130.12946	949.149	391.90063	-734.58795	33.959633	1134.2696239948273
16	6882.422	1053.2214	7781.752	4544.9126	7950.069	200.11465	8184.5996	7615.3213	1000.0	1000.0	159999	752.9222	138.4043	976.6857	315.52496	-756.2409	36.7584	1209.2357783317566
17	7665.9624	353.44907	8026.8228	6912.5435	7860.2314	1333.0408	8625.338	3887.0918	1000.0	1000.0	169999	776.5407	143.92705	994.86	223.50653	-779.79834	39.074505	1284.6339836120605
18	7643.4937	371.42816	8176.259	7097.806	7629.296	306.19144	8051.9175	7213.8643	1000.0	1000.0	179999	798.8271	147.1153	1012.1256	186.40135	-802.257	41.11182	1359.6300117969513
19	7790.6904	403.45856	8217.213	6700.1587	8013.8047	527.5609	8485.853	6899.029	1000.0	1000.0	189999	821.7837	141.33168	1031.455	203.72527	-825.095	40.748356	1434.5484201908112
20	7666.6416	653.1319	8363.105	6069.45	8001.574	286.22086	8261.219	7198.184	1000.0	1000.0	199999	838.07434	142.92946	1041.1062	209.51202	-841.3492	41.97897	1509.3949382305145
21	8065.8657	222.19202	8429.258	7728.7837	8254.054	157.31926	8432.675	7860.7314	1000.0	1000.0	209999	852.19684	147.0759	1058.931	201.42334	-855.3996	41.539616	1584.2044215202332
22	7630.8945	1056.6439	8675.292	4673.229	8254.422	375.74994	8689.397	7333.398	1000.0	1000.0	219999	865.3583	149.28178	1186.3484	208.73903	-868.6063	45.039234	1658.9639637470245
23	8113.8906	343.09882	8611.562	7639.1	8719.384	306.5416	9294.425	8010.0645	1000.0	1000.0	229999	876.37775	150.25645	1199.5673	186.7579	-879.4441	43.088474	1733.7675285339355
24	8482.857	368.29874	8974.429	7744.0156	8688.971	122.320564	8987.89	8537.567	1000.0	1000.0	239999	885.14703	153.98628	1084.8982	171.90894	-888.2359	42.986725	1808.6647486686707
25	6972.5835	2613.6982	8835.252	530.4329	8508.401	194.9731	8832.013	8127.7896	1000.0	1000.0	249999	894.61224	154.31697	1095.1206	145.44093	-897.6163	43.752132	1883.7628862857819
26	8530.172	227.19032	8966.247	8064.215	8331.099	1768.8744	9089.713	3038.6484	1000.0	1000.0	259999	897.6973	162.4109	1102.3256	147.68607	-900.636	45.841686	1958.5898792743683
27	8423.356	393.30164	8936.063	7599.1978	8890.043	204.33096	9158.295	8377.167	1000.0	1000.0	269999	907.42975	159.69637	1104.6116	204.16058	-910.4024	44.4603	2033.4159705638885
28	8420.678	318.23923	8766.888	7651.7017	9395.269	105.70553	9621.456	9270.122	1000.0	1000.0	279999	913.4305	159.17084	1108.5765	274.78152	-916.342	44.78555	2110.0106213092804
29	8753.451	389.9679	9236.472	8033.2705	7958.025	2162.3389	9232.994	2649.7942	1000.0	1000.0	289999	921.12115	161.72913	1119.37	233.12679	-924.0507	46.889397	2185.3551092147827
30	8910.316	326.1275	9281.613	8251.273	8868.178	187.35455	9198.733	8496.255	1000.0	1000.0	299999	931.7129	156.18658	1137.1967	234.80516	-934.6502	46.14877	2260.209079504013
31	8649.872	610.09607	9308.816	6967.729	9496.413	174.15501	9776.564	9171.205	1000.0	1000.0	309999	938.3043	161.2596	1143.4287	213.64066	-941.1756	47.23917	2334.991255760193
32	8777.591	557.1332	9233.361	7218.012	9387.972	140.14774	9674.59	9155.768	1000.0	1000.0	319999	948.0817	157.278	1150.3772	221.88959	-950.9661	47.268787	2409.8440301418304
33	8585.494	916.3559	9207.598	6040.4263	9405.631	169.13358	9649.1875	9001.887	1000.0	1000.0	329999	954.94055	160.3625	1157.3629	217.15778	-957.7984	48.06949	2484.6993565559387
34	8767.853	766.8848	9481.559	7046.338	9660.484	172.65613	9876.448	9223.477	1000.0	1000.0	339999	962.5441	164.20149	1166.6824	224.28192	-965.3652	49.391186	2559.5843110084534
35	9191.416	198.18971	9446.284	8892.248	9612.639	137.20334	9817.018	9439.808	1000.0	1000.0	349999	968.2724	167.27443	1170.6396	177.06674	-971.1029	49.75192	2634.350323200226
36	9042.975	390.0767	9560.792	8131.7046	8793.408	1991.7532	9953.222	2862.5063	1000.0	1000.0	359999	974.72614	168.70082	1182.7668	172.29878	-977.5036	49.44422	2709.1781299114227
37	9248.967	220.97606	9592.047	8839.129	9374.891	178.5262	9536.673	8930.837	1000.0	1000.0	369999	981.8825	165.10162	1184.2231	229.44719	-984.7084	49.166294	2783.858626127243
38	8998.398	290.44186	9434.779	8380.405	9430.976	172.79579	9744.094	9168.899	1000.0	1000.0	379999	987.92334	165.16591	1183.2297	230.90817	-990.6567	48.892635	2858.862186908722
39	8841.283	666.4108	9678.085	7084.281	9450.863	138.34288	9668.908	9206.184	1000.0	1000.0	389999	991.77264	169.21036	1188.9703	238.2335	-994.4908	49.136135	2933.588944196701
40	9171.439	220.23572	9470.592	8712.991	10007.049	118.32042	10196.411	9817.3	1000.0	1000.0	399999	995.03406	176.78886	1196.5295	183.22418	-997.7052	52.0078	3008.3248748779297
41	9312.493	277.074	9778.08	8808.696	9720.764	125.614044	9939.958	9518.819	1000.0	1000.0	409999	1001.34686	172.3421	1213.723	131.40295	-1004.1011	52.563625	3083.4525735378265
42	9493.393	232.42215	9838.293	9098.623	9953.471	191.0607	10261.785	9597.984	1000.0	1000.0	419999	1007.5774	168.25809	1218.063	111.641914	-1010.22	49.99316	3158.252032995224
43	9337.975	294.046	9785.734	8764.252	10015.715	89.391464	10171.309	9845.454	1000.0	1000.0	429999	1008.86914	176.09724	1219.2944	44.700386	-1011.5057	52.681694	3232.9608812332153
44	8990.961	961.637	9809.828	6281.5034	8899.42	2720.3093	9961.546	743.9026	1000.0	1000.0	439999	1014.8205	173.06927	1224.2856	23.713099	-1017.4922	53.956875	3307.825258731842
45	9480.455	251.11983	9938.656	9020.392	10145.049	191.32886	10526.517	9877.442	1000.0	1000.0	449999	1020.1043	172.67337	1226.306	-12.008473	-1022.765	52.14969	3382.5283715724945
46	9353.853	668.46576	9859.774	7401.7524	10073.648	165.38931	10340.659	9738.146	1000.0	1000.0	459999	1024.94	178.07304	1231.76	-13.172396	-1027.5254	52.954945	3457.4216022491455
47	9510.405	205.68454	9935.171	9262.846	10141.881	154.52315	10399.645	9882.236	1000.0	1000.0	469999	1028.7128	179.26822	1236.6385	20.990257	-1031.3142	53.783356	3532.2284429073334
48	9543.125	376.72382	9942.227	8555.237	9779.07	668.80334	10385.315	7895.1084	1000.0	1000.0	479999	1032.4764	182.67206	1239.0667	25.734932	-1035.0735	57.1427	3610.724655151367
49	9329.213	370.91745	9872.228	8563.154	10081.364	145.80185	10311.246	9871.313	1000.0	1000.0	489999	1037.952	177.83795	1244.1692	1.845685	-1040.5872	54.563026	3685.708202600479
50	9065.828	1249.8381	9905.708	5453.9683	9301.019	2272.0254	10318.283	2500.0586	1000.0	1000.0	499999	1041.3009	176.09583	1247.1525	31.086605	-1043.9216	54.8735	3760.5547966957092
51	9563.828	304.38388	10141.049	9209.75	9642.447	743.7991	10131.817	7442.1274	1000.0	1000.0	509999	1046.4722	174.92143	1250.2635	60.351883	-1049.0604	53.35928	3835.432574033737
52	9496.222	342.0836	10084.535	8979.756	9810.99	382.4359	10250.406	8756.947	1000.0	1000.0	519999	1049.9989	177.29077	1253.5028	85.92067	-1052.6123	56.23656	3910.295200586319
53	8834.452	1949.045	10031.523	3220.3042	10100.032	690.6026	10555.026	8110.123	1000.0	1000.0	529999	1052.8307	178.23312	1254.5385	76.240326	-1055.389	54.614517	3985.5481190681458
54	9481.747	398.55612	10127.757	8819.97	10033.526	181.23524	10298.531	9691.153	1000.0	1000.0	539999	1052.6263	180.28871	1247.294	59.610622	-1055.0917	54.532856	4060.3264207839966
55	9707.797	318.0105	10265.755	9111.369	10463.517	198.13763	10837.878	10097.017	1000.0	1000.0	549999	1054.0841	177.45125	1254.844	16.505169	-1056.5759	53.386505	4135.026688575745
56	9453.601	349.1757	10064.39	8835.32	10053.58	91.624115	10182.29	9858.182	1000.0	1000.0	559999	1054.7948	177.31941	1252.3058	69.17955	-1057.2778	56.22332	4209.831799507141
57	9745.391	404.97455	10200.11	8799.303	9155.471	2524.5432	10187.91	1591.9641	1000.0	1000.0	569999	1057.2272	179.63474	1255.9689	-175.22739	-1059.6836	55.369892	4284.680196046829
58	9582.843	457.84305	10114.104	8537.797	10181.657	71.958206	10298.914	10017.491	1000.0	1000.0	579999	1060.2404	181.03354	1262.1987	-295.89294	-1062.6866	57.052593	4359.571150302887
59	9844.143	243.73633	10165.365	9313.336	10233.875	210.4038	10494.066	9662.375	1000.0	1000.0	589999	1062.1755	178.60236	1267.0715	-10.479091	-1064.641	55.49593	4434.476513385773
60	8807.622	2287.9724	10174.609	2379.165	10231.135	138.37247	10493.63	10053.504	1000.0	1000.0	599999	1065.0345	177.30109	1270.8475	-99.11932	-1067.5032	55.123344	4509.28986787796
61	9717.426	351.09952	10055.882	8801.535	9996.1	419.4269	10336.016	8819.527	1000.0	1000.0	609999	1065.489	177.79794	1265.689	-220.99051	-1067.8827	56.865974	4584.1357045173645
62	9730.611	455.61453	10385.764	9008.942	10473.075	180.36057	10667.674	10040.872	1000.0	1000.0	619999	1068.063	176.57242	1270.8595	-52.036232	-1070.471	56.452507	4658.862460374832
63	9821.545	374.36807	10342.808	9108.647	10353.96	156.09926	10655.953	10104.014	1000.0	1000.0	629999	1070.4515	180.1127	1273.9274	-19.439121	-1072.8485	56.727295	4733.633276224136
64	10037.248	238.54904	10263.115	9458.452	10084.193	680.8856	10852.469	8394.993	1000.0	1000.0	639999	1073.1211	183.66418	1271.8704	-4.771148	-1075.503	58.576595	4808.3386352062225
65	9696.344	678.7569	10439.191	7947.7725	10658.646	166.44475	10830.909	10271.128	1000.0	1000.0	649999	1075.9742	185.34462	1280.7183	-31.439968	-1078.3778	58.14694	4883.129657506943
66	9762.678	788.0324	10305.468	7473.309	10464.207	134.89375	10673.172	10223.175	1000.0	1000.0	659999	1078.5161	185.43239	1280.3387	-71.14668	-1080.8981	58.987705	4958.322293519974
67	8971.791	2612.038	10188.005	1176.7959	10537.667	121.23556	10782.159	10354.595	1000.0	1000.0	669999	1081.9456	183.99866	1282.5731	-99.31288	-1084.3462	58.89772	5033.157361745834
68	9512.601	1488.7864	10238.728	5069.8433	10619.568	121.326416	10760.459	10373.026	1000.0	1000.0	679999	1083.5404	184.78033	1281.4481	44.331364	-1085.919	58.319336	5107.876436471939
69	9908.215	331.26877	10399.339	9301.433	10787.977	114.7884	11039.608	10643.402	1000.0	1000.0	689999	1085.8567	185.88081	1285.0475	46.488243	-1088.2157	58.030926	5182.445524692535
70	9874.575	535.1629	10391.565	8510.72	10570.74	163.02791	10904.56	10336.51	1000.0	1000.0	699999	1087.5365	186.79451	1295.49	11.653493	-1089.9275	59.851795	5257.1316866874695
71	10187.224	308.84973	10538.775	9470.431	9588.485	395.6725	10237.611	9113.923	1000.0	1000.0	709999	1091.8739	185.2396	1293.3458	-67.27146	-1094.2998	59.00815	5331.924822092056
72	9986.422	501.98495	10549.369	8880.713	10600.043	85.918465	10764.318	10490.863	1000.0	1000.0	719999	1097.6711	180.48569	1309.5613	-35.306675	-1100.1394	60.025055	5406.663504600525
73	9568.913	666.9544	10270.738	7858.4346	10504.249	139.27673	10757.212	10240.404	1000.0	1000.0	729999	1102.5403	180.5652	1302.3206	-46.709698	-1104.9904	61.29667	5483.71505522728
74	10134.682	361.95267	10699.831	9484.554	10374.908	263.96762	10896.12	9959.631	1000.0	1000.0	739999	1104.9031	181.29892	1300.4335	55.25299	-1107.3057	61.5066	5563.673099517822
75	9579.081	1996.5526	10579.073	3614.5303	10741.15	267.00507	11164.634	10208.315	1000.0	1000.0	749999	1107.8654	178.06264	1305.8145	17.251486	-1110.2976	60.41695	5641.364807367325
76	10129.341	188.88275	10596.127	9854.322	10139.426	2028.0758	11170.503	4109.821	1000.0	1000.0	759999	1110.2068	178.2034	1311.3588	51.24568	-1112.645	60.888374	5724.8095915317535
77	10012.417	552.7198	10693.661	8958.364	10983.973	154.55103	11225.695	10778.67	1000.0	1000.0	769999	1112.8436	178.07132	1317.27	49.26639	-1115.2787	61.421867	5801.774227619171
78	10236.455	245.39815	10766.241	9822.187	10742.071	256.39673	11033.307	10109.86	1000.0	1000.0	779999	1113.8479	181.34578	1316.9535	27.13984	-1116.2156	58.710125	5879.93208694458
79	10374.076	202.4361	10712.559	9895.89	9838.998	1914.1102	10855.793	4232.437	1000.0	1000.0	789999	1116.0426	179.98532	1318.9866	-24.549112	-1118.4579	61.006943	5971.417835235596
80	10143.256	324.59012	10408.6	9272.139	10770.534	127.72136	11049.515	10630.793	1000.0	1000.0	799999	1119.4984	180.20729	1319.563	-77.553734	-1121.9491	59.614204	6063.894917011261
81	10276.001	326.39136	10614.16	9569.822	10524.852	794.15796	11097.579	8230.164	1000.0	1000.0	809999	1122.8344	183.8318	1325.0981	-109.58077	-1125.2684	60.03547	6152.765651226044
82	10098.666	540.9761	10673.489	8871.566	10550.369	297.866	10790.154	9736.761	1000.0	1000.0	819999	1124.1895	183.91925	1325.4812	-78.429855	-1126.5721	58.814255	6238.702342987061
83	10096.278	429.059	10810.598	9335.738	10381.823	260.4758	10764.959	9858.806	1000.0	1000.0	829999	1126.3613	185.19647	1326.21	-161.56488	-1128.7988	61.603836	6324.949098348618
84	9496.524	1430.7705	10284.6875	5300.3374	8620.89	2818.0679	10715.464	2632.3494	1000.0	1000.0	839999	1130.4833	184.10847	1327.517	-162.83821	-1132.9261	65.436775	6413.3988535404205
85	10254.285	409.9823	10847.228	9466.489	11098.435	205.66602	11437.648	10644.13	1000.0	1000.0	849999	1132.1057	185.42004	1342.4786	-113.89134	-1134.5548	63.338787	6497.628960132599
86	10425.255	224.61307	10780.255	10075.217	11044.625	181.65405	11278.737	10761.196	1000.0	1000.0	859999	1137.2322	185.20491	1337.0522	-88.739624	-1139.7305	64.406685	6578.743376970291
87	10690.561	173.89316	11096.631	10416.553	10150.387	1892.621	11166.269	4515.152	1000.0	1000.0	869999	1140.4653	187.78506	1341.2058	-235.32112	-1142.908	65.4639	6657.238324642181
88	10250.166	562.534	10912.867	8737.116	11150.598	206.79149	11416.286	10631.46	1000.0	1000.0	879999	1142.1195	192.41699	1341.9833	-442.54465	-1144.5599	66.61027	6733.758556365967
89	10476.854	418.00586	11033.88	9583.57	10669.227	975.20264	11210.717	7799.561	1000.0	1000.0	889999	1143.1218	193.4218	1338.0833	-458.89334	-1145.5693	67.71802	6808.708288908005
90	10700.088	221.23836	10975.755	10359.524	10153.606	1513.1116	11243.922	5708.946	1000.0	1000.0	899999	1146.2378	192.33858	1345.4952	-494.1075	-1148.7147	65.876564	6884.271988630295
91	10475.682	306.97412	10868.137	9919.096	10046.302	3078.8123	11378.961	866.66504	1000.0	1000.0	909999	1150.8741	185.84767	1347.3328	-393.08008	-1153.3578	63.897625	6959.271153688431
92	10482.678	341.55978	10882.533	9653.254	11201.942	254.98709	11561.56	10579.865	1000.0	1000.0	919999	1154.2363	179.07573	1357.4342	97.148674	-1156.725	66.43132	7034.54060292244
93	9451.192	2909.2424	10806.976	757.68475	10353.218	2025.8999	11301.482	4303.732	1000.0	1000.0	929999	1158.6339	174.34848	1353.6487	221.30142	-1161.1294	65.5001	7109.845112800598
94	10496.016	652.45654	11228.895	8693.836	10091.813	2793.0605	11429.185	1802.3833	1000.0	1000.0	939999	1159.5979	174.67949	1356.1818	253.61324	-1162.0605	67.30756	7185.009436130524
95	10498.15	404.31384	11048.585	9942.948	10975.446	272.19626	11328.425	10330.65	1000.0	1000.0	949999	1160.8555	175.21274	1355.6047	-51.48994	-1163.3326	67.53234	7259.89786529541
96	9765.373	2810.5923	11138.088	1377.2075	10176.154	2933.5334	11459.751	1399.2749	1000.0	1000.0	959999	1163.0803	175.50931	1357.3899	14.0886345	-1165.5723	67.31488	7334.973840236664
97	10801.893	239.13455	11122.843	10393.854	11073.693	168.48804	11317.757	10717.429	1000.0	1000.0	969999	1164.4135	178.69392	1357.0867	-24.29046	-1166.868	66.34959	7409.898150682449
98	10546.989	441.09308	11213.061	9663.354	11323.196	212.62239	11705.0205	11006.552	1000.0	1000.0	979999	1164.9264	187.5947	1362.342	-118.4683	-1167.372	64.21122	7484.7938051223755
99	9874.779	2146.6633	11053.989	3566.5132	11272.471	118.54383	11462.584	11046.205	1000.0	1000.0	989999	1165.8269	194.71765	1370.6957	-228.74701	-1168.226	69.79008	7559.709250688553
100	10564.358	255.1605	10855.155	9925.773	10217.486	2050.6577	11390.212	4466.6445	1000.0	1000.0	999999	1166.5366	199.72525	1367.6333	-181.98575	-1169.0022	69.77743	7635.150053262711
101	10567.783	450.07938	11096.813	9799.724	10930.039	1296.6632	11599.078	7063.8423	1000.0	1000.0	1009999	1172.9901	192.6467	1370.5784	-156.47542	-1175.4347	68.094734	7710.095413923264
102	10395.635	770.45593	11007.259	8254.229	11453.92	222.44572	11963.687	11205.723	1000.0	1000.0	1019999	1180.5969	186.47015	1368.1179	-210.12279	-1182.9723	75.85595	7785.043705463409
103	10547.418	356.01285	11017.836	9838.716	9979.062	2768.2817	11670.207	4351.4355	1000.0	1000.0	1029999	1188.5226	170.1488	1361.6342	-384.0346	-1190.8202	74.162674	7859.828611373901
104	10887.318	232.69725	11265.77	10415.165	11096.215	564.1034	11465.203	9434.693	1000.0	1000.0	1039999	1192.2887	161.68327	1367.2064	-197.76257	-1194.5486	69.75365	7934.551389455795
105	10831.926	144.98035	10983.937	10477.378	11245.117	141.00374	11482.371	10938.298	1000.0	1000.0	1049999	1195.0221	157.45087	1368.2455	-422.65265	-1197.2346	72.90636	8009.3253009319305
106	10738.701	346.85974	11241.844	10212.899	11038.168	69.04686	11165.721	10888.857	1000.0	1000.0	1059999	1199.8105	152.74649	1363.5487	-332.72287	-1202.0049	69.36869	8084.1818125247955
107	9912.533	2626.3052	11241.224	2057.1028	10664.279	2010.2987	11580.676	4656.244	1000.0	1000.0	1069999	1202.8411	155.25494	1369.1469	-828.61975	-1205.0068	74.78401	8158.962736129761
108	10702.545	246.28336	11117.577	10334.347	10069.566	593.93317	11165.583	9172.892	1000.0	1000.0	1079999	1205.7781	154.02429	1364.6493	-221.16966	-1207.9294	65.951225	8233.724008321762
109	10640.269	636.75433	11152.915	8828.554	11605.695	192.76512	11868.788	11345.385	1000.0	1000.0	1089999	1209.3318	150.98248	1367.9966	-61.05516	-1211.4496	68.066284	8308.502108812332
110	10822.966	281.15903	11199.717	10180.654	10902.291	1026.1505	11627.433	8640.158	1000.0	1000.0	1099999	1213.3965	146.94194	1366.7402	-125.21769	-1215.4847	67.39295	8383.271996736526
111	10887.021	280.8212	11257.74	10475.091	10217.26	2714.0105	11420.343	2088.396	1000.0	1000.0	1109999	1215.3131	145.57745	1363.633	-187.63237	-1217.3685	64.24346	8458.545652389526
112	10847.385	258.60242	11275.175	10456.333	11383.502	166.66893	11561.422	11064.492	1000.0	1000.0	1119999	1217.0494	143.54796	1364.7133	-228.8726	-1219.0786	60.81528	8533.264247894287
113	9751.959	2424.8767	11380.257	3123.813	11594.545	185.99086	11894.141	11342.803	1000.0	1000.0	1129999	1218.4277	139.78894	1362.4958	-750.16785	-1220.4124	62.93799	8607.96035027504
114	10547.537	916.9946	11198.448	8060.6367	11623.887	178.90524	12054.858	11359.92	1000.0	1000.0	1139999	1218.832	140.30205	1365.836	-587.7855	-1220.7948	63.595177	8682.90715956688
115	11033.163	230.11832	11493.825	10586.4375	10899.153	902.3877	11497.845	8380.948	1000.0	1000.0	1149999	1222.2583	139.2025	1368.9231	-547.144	-1224.2456	65.39413	8757.752660751343
116	11073.561	227.7581	11449.337	10750.744	11196.959	288.43478	11464.56	10401.424	1000.0	1000.0	1159999	1224.773	134.28792	1365.7161	-443.84558	-1226.7153	61.0894	8832.577699184418
117	10535.893	1107.5059	11297.486	7290.7188	11094.503	1106.5575	11875.068	7831.0757	1000.0	1000.0	1169999	1225.183	132.92664	1362.3138	-67.176254	-1227.0955	56.827145	8907.278758525848
118	10737.571	446.89056	11370.056	9826.255	11536.38	154.46982	11749.201	11242.248	1000.0	1000.0	1179999	1225.3967	135.1133	1362.4371	-147.87877	-1227.2672	58.101994	8982.267033100128
119	10943.223	380.74365	11307.005	9968.784	10968.889	612.0428	11495.105	9218.128	1000.0	1000.0	1189999	1225.2478	136.40076	1361.3901	-203.35513	-1227.1085	55.431236	9056.943604707718
120	10255.945	1513.7289	11469.412	6086.203	11681.174	162.4847	12028.042	11484.519	1000.0	1000.0	1199999	1227.3331	136.45824	1368.108	-48.932545	-1229.2039	57.012806	9131.85636639595
121	10635.645	762.766	11305.837	9093.43	11343.988	512.6597	11688.901	9841.462	1000.0	1000.0	1209999	1227.1877	141.74669	1364.0858	-43.13215	-1229.0	56.50327	9206.729590415955
122	10812.061	551.2403	11334.09	9500.254	11760.309	220.65392	12175.826	11400.213	1000.0	1000.0	1219999	1227.771	148.68578	1369.3206	-218.92758	-1229.5901	59.339138	9281.696963787079
123	11026.651	334.23163	11339.149	10106.038	10419.818	2246.9497	11811.841	5288.8438	1000.0	1000.0	1229999	1228.4536	149.83713	1369.3473	-161.10501	-1230.2444	57.206657	9356.409131526947
124	10953.846	225.09784	11323.416	10601.677	11477.214	196.97856	11731.818	11008.948	1000.0	1000.0	1239999	1229.8474	150.53647	1370.4489	-212.69574	-1231.6509	58.253963	9431.653401374817
125	10392.847	2078.6523	11442.598	4198.6836	10839.882	2568.9148	11944.613	3140.6936	1000.0	1000.0	1249999	1231.0616	149.11247	1366.3706	-171.85861	-1232.8018	56.956455	9506.4876806736
126	11061.65	190.63716	11305.464	10679.312	11483.724	152.93489	11668.094	11144.601	1000.0	1000.0	1259999	1232.9254	149.11507	1367.239	-182.85576	-1234.6569	56.798813	9581.273258686066
127	10256.107	2278.5396	11491.197	3545.4546	11535.808	208.57732	11815.402	11117.791	1000.0	1000.0	1269999	1232.103	150.77641	1363.4287	-162.91437	-1233.8315	55.216663	9656.001802444458
128	11034.021	167.47081	11285.353	10777.481	11123.342	1980.5752	12036.722	5201.4233	1000.0	1000.0	1279999	1234.3507	147.51239	1370.3407	-158.19707	-1236.0913	54.698112	9730.741170406342
129	10856.208	285.10797	11202.792	10182.624	11764.501	102.20427	11904.338	11615.666	1000.0	1000.0	1289999	1236.7677	145.08858	1366.498	-110.828705	-1238.4916	55.28095	9805.580505132675
130	10885.38	386.17932	11363.892	9944.028	8630.236	4024.9185	12247.266	2072.7295	1000.0	1000.0	1299999	1237.5087	145.28659	1371.6802	-113.36511	-1239.2294	56.37475	9880.534684419632
131	10935.672	391.11862	11382.316	9948.6	11407.261	191.62004	11678.158	11120.602	1000.0	1000.0	1309999	1238.3103	144.48404	1366.3143	-73.280365	-1239.9974	54.983395	9955.287397623062
132	10153.699	2432.1707	11433.085	2964.8281	10254.082	2824.6177	11887.424	4016.7705	1000.0	1000.0	1319999	1238.4613	144.63751	1362.8693	-86.505165	-1240.1497	52.786987	10030.017441034317
133	10967.216	348.90546	11488.534	10266.082	10797.494	2779.3086	12015.282	2479.4663	1000.0	1000.0	1329999	1238.838	145.86427	1367.3666	-59.051937	-1240.4838	55.69845	10105.088767766953
134	9858.439	2685.142	11679.165	4390.0713	10100.636	1124.5524	11004.114	6902.1357	1000.0	1000.0	1339999	1239.0989	147.31836	1370.8527	-9.312091	-1240.7496	54.436375	10179.792343616486
135	10764.404	653.3015	11563.597	9643.977	11662.573	604.1202	12108.237	9901.66	1000.0	1000.0	1349999	1238.5355	149.4655	1370.9801	-11.601759	-1240.1732	51.713627	10254.587895393372
136	10107.354	2384.761	11462.763	4079.854	11889.634	157.53621	12119.669	11635.128	1000.0	1000.0	1359999	1239.0146	148.52603	1368.2542	-67.28568	-1240.67	53.127926	10329.891084194183
137	11118.449	231.58597	11335.901	10538.186	11620.603	338.43805	11932.6045	10668.022	1000.0	1000.0	1369999	1239.2014	153.49559	1368.8049	-48.54239	-1240.8065	51.24473	10404.58748292923
138	10979.324	457.48822	11624.022	10232.071	10123.905	3250.2305	12061.614	860.98395	1000.0	1000.0	1379999	1238.9906	154.86435	1369.9551	-166.9281	-1240.6167	51.316	10479.417250156403
139	11298.935	379.16953	11766.175	10323.118	11547.642	700.9969	12163.459	9517.644	1000.0	1000.0	1389999	1241.1781	156.42949	1368.4502	-208.61456	-1242.7795	52.91329	10554.031329870224
140	11052.611	260.07373	11407.251	10692.668	11903.756	186.37222	12165.747	11594.2705	1000.0	1000.0	1399999	1242.0427	163.96204	1372.4044	-565.1016	-1243.6106	51.58076	10637.407224655151
141	11322.04	231.00922	11571.317	10909.606	11882.436	155.38846	12207.125	11690.482	1000.0	1000.0	1409999	1244.1272	164.58543	1375.1324	-477.30594	-1245.7513	53.367012	10713.654923915863
142	10108.967	2584.5286	11668.566	2460.976	9408.498	3647.0857	11674.276	1367.8762	1000.0	1000.0	1419999	1247.172	162.73973	1378.3948	-493.45343	-1248.7852	54.85447	10791.81491947174
143	10885.111	441.96378	11598.694	10211.178	10566.45	2897.3906	12217.773	2083.3992	1000.0	1000.0	1429999	1246.5223	163.36156	1372.8949	-291.3051	-1248.0813	53.361675	10874.347856760025
144	11066.33	342.9695	11642.186	10316.596	11886.26	174.26338	12118.224	11585.217	1000.0	1000.0	1439999	1245.1256	163.18843	1374.049	-162.45618	-1246.6376	51.67211	10954.243811130524
145	11237.281	446.43076	11741.677	10060.763	11785.76	1050.0242	12332.491	8652.605	1000.0	1000.0	1449999	1244.2664	163.25743	1375.5281	-184.37639	-1245.779	52.319088	11045.757865667343
146	11268.917	378.1165	11735.647	10653.507	10831.503	2799.565	12111.648	2479.1487	1000.0	1000.0	1459999	1244.8265	164.71458	1374.43	-212.68413	-1246.3649	52.753925	11133.57262301445
147	11165.721	210.33762	11449.067	10835.341	11459.467	508.23795	12052.638	10304.822	1000.0	1000.0	1469999	1246.5593	164.75696	1379.6141	-217.12013	-1248.0366	53.663376	11218.214092254639
148	9178.793	3835.5127	11501.334	1350.3557	11106.843	1662.9259	11937.182	6144.5786	1000.0	1000.0	1479999	1245.0039	170.75894	1376.8632	-243.01608	-1246.5107	54.135426	11301.596005916595
149	10567.533	1967.57	11482.029	4690.164	11126.385	1872.2975	12202.079	5588.0073	1000.0	1000.0	1489999	1245.0244	172.03502	1377.0706	-226.18742	-1246.5012	56.90035	11394.582962274551
150	10814.526	1278.8119	11749.537	7109.081	11816.669	306.90125	12255.287	11112.947	1000.0	1000.0	1499999	1246.0436	175.02467	1381.0211	-204.19836	-1247.5491	59.19127	11474.074516773224
151	10383.786	2748.4568	11625.33	2164.177	11767.954	205.4767	12173.203	11469.939	1000.0	1000.0	1509999	1247.0374	176.63531	1379.7369	-233.252	-1248.5022	60.074524	11563.18072795868
152	11228.178	290.9219	11693.036	10796.723	11494.054	132.06801	11715.111	11177.466	1000.0	1000.0	1519999	1246.813	179.4605	1380.2988	-238.9108	-1248.2865	54.837727	11651.450319051743
153	11148.076	154.30109	11401.432	10765.775	10827.541	1532.4865	11626.079	6276.9414	1000.0	1000.0	1529999	1247.9331	178.26175	1377.6412	-232.14856	-1249.3872	59.615494	11740.15248131752
154	10472.727	2350.0583	11789.7705	3531.673	10343.211	2787.0525	11902.937	4259.723	1000.0	1000.0	1539999	1247.1327	180.0631	1376.9904	-197.02087	-1248.5621	54.272114	11833.594010353088
155	10269.106	2672.9556	11496.736	2294.7231	12027.36	162.53958	12212.624	11687.213	1000.0	1000.0	1549999	1246.4995	180.4176	1376.1401	-172.79538	-1247.9142	56.833836	11916.411000967026
156	11214.048	456.89304	11665.83	10049.441	11989.287	173.79315	12218.5	11597.95	1000.0	1000.0	1559999	1247.4591	180.38354	1382.6696	-128.63022	-1248.9222	60.969364	11994.669613599777
157	11379.535	319.34048	11652.2705	10793.988	11553.491	185.23679	11790.43	11179.158	1000.0	1000.0	1569999	1249.6443	182.19511	1381.5375	-178.11725	-1251.0553	59.668118	12073.323645114899
158	10969.717	241.4749	11405.194	10521.212	10619.39	3029.2246	11959.079	1560.7219	1000.0	1000.0	1579999	1249.5742	182.86708	1380.3217	-177.77203	-1250.9696	64.639084	12154.161710500717
159	10228.882	2486.7742	11618.498	2987.183	9162.543	3842.3794	12047.139	1574.5487	1000.0	1000.0	1589999	1249.868	183.75401	1380.4764	-117.85972	-1251.3019	64.40284	12234.527526855469
160	9434.745	3215.8699	11727.125	1709.0796	11797.261	177.96796	12150.342	11514.111	1000.0	1000.0	1599999	1249.2086	188.61026	1380.9568	-457.28592	-1250.58	62.959892	12315.685821771622
161	11111.296	224.52432	11390.604	10787.938	11059.953	1481.7015	11987.523	7140.9346	1000.0	1000.0	1609999	1249.1627	191.14326	1387.9095	-441.67795	-1250.5436	65.231895	12398.620232582092
162	9862.582	2899.5688	11463.407	1314.7344	11989.906	255.33347	12315.753	11546.811	1000.0	1000.0	1619999	1249.9352	192.73325	1381.2524	-339.58173	-1251.376	59.09093	12479.926742553711
163	11279.453	333.75958	11746.538	10832.285	11222.6455	1856.5055	12305.145	5718.196	1000.0	1000.0	1629999	1250.5593	192.86069	1383.1405	-285.2529	-1251.9468	58.993305	12566.201439619064
164	11141.4375	401.08755	11825.381	10401.297	11862.876	193.99844	12163.209	11562.949	1000.0	1000.0	1639999	1249.9989	194.44061	1383.2715	-247.02307	-1251.3557	59.9114	12649.430543422699
165	10939.338	558.5853	11558.348	9699.976	11728.171	596.88245	12247.582	10014.22	1000.0	1000.0	1649999	1249.9408	194.96072	1384.302	-581.53735	-1251.2858	63.028225	12750.476901054382
166	11102.667	539.62305	11462.833	9617.916	11976.697	170.48915	12167.044	11697.545	1000.0	1000.0	1659999	1250.1721	194.36458	1383.4253	-199.35553	-1251.5332	61.29381	12834.823067903519
167	11137.916	641.51843	11714.363	9424.3125	11461.547	256.9367	11871.432	11097.533	1000.0	1000.0	1669999	1251.8132	193.50745	1384.2325	-232.47658	-1253.1855	63.776962	12920.574505090714
168	10669.523	1278.7228	11771.643	7253.624	11862.327	85.55107	12062.118	11746.472	1000.0	1000.0	1679999	1254.399	185.647	1383.9653	-267.49854	-1255.7722	65.46939	13006.709891080856
169	10047.619	2882.5483	11538.794	1485.8394	11381.627	1469.5175	12130.643	7002.074	1000.0	1000.0	1689999	1254.6057	183.79774	1389.2997	-249.08788	-1255.9846	64.84299	13093.092174053192
170	10669.758	1660.9233	11522.651	5720.966	11338.835	1964.6902	12382.054	5489.5063	1000.0	1000.0	1699999	1255.846	184.34532	1384.2426	-263.35922	-1257.2542	69.070885	13178.56820178032
171	11241.143	185.765	11613.347	11017.023	11876.362	705.79535	12270.401	9800.311	1000.0	1000.0	1709999	1257.4912	182.4179	1385.0814	-447.8211	-1258.881	63.96689	13263.980121850967
172	10425.102	3141.7603	11760.739	1023.9233	12030.412	251.35754	12492.985	11651.76	1000.0	1000.0	1719999	1258.8223	178.5034	1392.1425	-30.695019	-1260.195	57.79014	13348.839053153992
173	10660.03	1737.3082	11604.753	5478.249	11061.457	3184.222	12405.368	1518.2777	1000.0	1000.0	1729999	1257.5912	182.55037	1383.485	-24.133785	-1258.883	63.353992	13436.079461097717
174	11296.229	201.37315	11587.117	11007.71	11969.921	227.73482	12219.299	11419.434	1000.0	1000.0	1739999	1256.4496	187.96436	1385.6362	-45.817726	-1257.774	63.155827	13522.599513053894
175	10795.384	1763.7793	11850.018	5546.965	12183.242	123.627144	12414.54	11992.948	1000.0	1000.0	1749999	1256.543	191.93611	1384.5287	-139.14116	-1257.8489	61.328	13606.02324795723
176	10639.836	1242.812	11622.559	7513.9487	10907.047	2117.1663	12113.546	5361.8584	1000.0	1000.0	1759999	1256.2083	198.25064	1386.9353	-222.85439	-1257.53	66.01854	13692.064140081406
177	10008.461	2987.6357	11757.667	1360.3063	11932.581	162.7744	12148.371	11534.335	1000.0	1000.0	1769999	1257.2766	198.6127	1387.1259	-134.9145	-1258.597	70.358086	13777.834569692612
178	11246.26	379.38364	11542.549	10149.44	10167.76	3020.8394	12201.65	4084.3162	1000.0	1000.0	1779999	1257.7372	200.03368	1392.2689	-66.41995	-1259.0804	66.91543	13864.438925504684
179	10730.33	1289.4282	11591.668	6957.4565	11905.992	154.13612	12174.91	11661.208	1000.0	1000.0	1789999	1258.528	199.38692	1389.5221	-82.36961	-1259.8507	66.50863	13951.801714420319
180	10032.342	2935.5098	11508.066	1354.7764	11140.612	1635.6221	12106.472	6346.5957	1000.0	1000.0	1799999	1259.3433	195.2526	1393.1124	1.7273455	-1260.7065	65.91536	14039.017141819
181	11231.124	531.4565	11718.916	9785.295	11636.617	111.901505	11779.68	11423.114	1000.0	1000.0	1809999	1259.6963	192.15285	1386.8804	12.224821	-1261.0198	62.80345	14123.792905569077
182	10574.01	2273.8835	11685.962	3809.7444	11727.1875	455.80426	12062.77	10512.568	1000.0	1000.0	1819999	1259.2195	194.06938	1386.9404	-2.805314	-1260.5393	62.315044	14211.887063264847
183	10469.484	2508.7031	11669.472	2986.98	9585.595	3724.6133	11924.912	1575.9321	1000.0	1000.0	1829999	1257.7081	199.67256	1387.5726	-24.213942	-1258.9884	66.66261	14335.668412446976
184	10787.506	1779.8701	11703.521	5482.419	11565.3955	1683.2032	12442.6455	6540.384	1000.0	1000.0	1839999	1256.0898	205.55571	1390.2098	-89.68803	-1257.3511	68.06264	14421.045966148376
185	11134.936	760.97644	12054.964	9102.83	11302.506	1451.8835	11988.285	6962.9565	1000.0	1000.0	1849999	1256.3978	209.68257	1443.4152	-124.381805	-1257.6542	65.34622	14508.050485134125
186	9869.756	2713.3557	11818.329	3518.7925	11567.853	1333.0221	12404.797	8669.942	1000.0	1000.0	1859999	1256.1145	215.22118	1535.8258	-192.3148	-1257.3975	68.942696	14593.454226732254
187	11258.266	387.67694	11928.486	10684.74	10015.95	2681.347	11775.749	4221.6543	1000.0	1000.0	1869999	1257.2849	218.0754	1393.387	-405.77377	-1258.6105	71.30776	14678.187987565994
188	11063.221	597.26263	11770.875	10104.8	12072.978	251.82239	12425.193	11499.526	1000.0	1000.0	1879999	1258.7285	219.29448	1398.2996	-1069.5652	-1260.0394	80.86354	14764.402177095413
189	11145.522	530.4428	11659.351	9615.453	9599.999	3319.943	11752.665	576.58984	1000.0	1000.0	1889999	1260.2195	216.47179	1401.817	-289.52402	-1261.5306	73.99013	14848.232031822205
190	11312.33	488.9376	12006.001	10120.376	11630.949	158.60335	11851.673	11398.935	1000.0	1000.0	1899999	1260.9136	215.07047	1397.165	-351.18195	-1262.2379	69.518776	14933.447735786438
191	11470.875	294.44943	11939.452	10954.713	9477.725	2976.5696	11715.66	1970.7653	1000.0	1000.0	1909999	1260.013	217.7309	1394.5043	-340.17426	-1261.2898	71.00419	15019.255233049393
192	11080.677	753.8882	11903.909	9175.085	11793.176	910.86896	12344.789	9119.331	1000.0	1000.0	1919999	1261.9573	216.19519	1406.9956	-240.44522	-1263.2834	72.3112	15105.316835165024
193	11494.183	342.05505	11933.944	10694.423	11910.737	238.41853	12339.876	11336.324	1000.0	1000.0	1929999	1264.5065	213.84726	1404.8074	-279.2328	-1265.8298	73.699036	15188.284948348999
194	11477.045	175.77531	11702.221	11039.832	11902.548	955.619	12512.198	9133.887	1000.0	1000.0	1939999	1265.4529	210.01862	1401.209	-175.49887	-1266.7603	65.44052	15275.411518335342
195	10636.873	2090.309	12046.694	4752.3096	11459.469	3356.734	12885.83	1412.4008	1000.0	1000.0	1949999	1265.9985	211.51842	1402.2206	-562.3333	-1267.3286	62.854908	15361.03467965126
196	11315.208	424.6958	11903.913	10764.493	10306.314	2934.5964	11930.348	2051.7375	1000.0	1000.0	1959999	1268.8976	208.95381	1408.8309	-375.40353	-1270.2672	66.07975	15448.498445510864
197	11166.314	946.6336	11788.315	8389.519	11821.972	1258.48	12452.791	8090.1113	1000.0	1000.0	1969999	1271.438	206.96365	1409.7402	-191.3999	-1272.8224	68.41975	15536.221039295197
198	9269.311	3345.8643	11663.06	2693.298	11242.774	1473.9215	12183.528	7018.675	1000.0	1000.0	1979999	1271.9034	206.82477	1411.519	-327.2641	-1273.2565	68.928535	15624.537719964981
199	9428.85	3762.6604	12044.938	987.8146	10403.303	2131.754	12073.307	5456.966	1000.0	1000.0	1989999	1270.0873	214.78157	1415.1942	-295.03305	-1271.441	68.41837	15712.04609966278
200	11239.779	589.8832	11819.719	9789.018	10107.365	2075.535	11464.481	5080.195	1000.0	1000.0	1999999	1272.3251	216.43484	1412.9047	-636.53503	-1273.7319	75.40717	15799.185420751572
201	10529.336	1794.5559	11844.604	5874.5273	11990.974	295.1428	12316.795	11467.723	1000.0	1000.0	2009999	1274.1224	215.21925	1418.4391	-404.19894	-1275.4875	76.350784	15886.462054729462
202	11282.697	654.2088	12037.353	9978.042	10994.95	2910.8677	12595.796	2488.7344	1000.0	1000.0	2019999	1273.2719	220.7855	1420.0299	-365.2607	-1274.6259	76.11505	15975.872963905334
203	11091.378	1246.871	11757.346	7448.3354	12123.795	432.50037	12549.686	10988.008	1000.0	1000.0	2029999	1273.4165	220.68831	1425.4366	-170.3422	-1274.7612	78.7864	16058.060564279556
204	10828.331	1651.5995	11789.05	6259.949	11424.797	2206.1135	12473.902	4833.0034	1000.0	1000.0	2039999	1273.4015	220.60922	1423.7473	-511.6414	-1274.7819	82.90284	16140.98114323616
205	9335.053	3392.806	11786.955	1994.5321	11890.708	761.1631	12622.169	9868.729	1000.0	1000.0	2049999	1272.6367	224.19084	1423.3258	-472.22125	-1274.0092	80.53797	16226.67100071907
206	10699.801	2366.646	11697.129	3625.583	8718.226	3782.9973	11917.588	1810.9277	1000.0	1000.0	2059999	1272.7562	228.80652	1424.2577	-527.0336	-1274.1349	82.07899	16311.984491586685
207	10161.205	2721.9385	11798.99	2168.9287	11901.404	621.5466	12413.407	10301.952	1000.0	1000.0	2069999	1273.2303	234.12253	1424.1224	-496.4297	-1274.5898	85.776436	16399.98653435707
208	9837.015	3212.689	11844.209	3186.0615	12365.156	141.33778	12510.262	12039.981	1000.0	1000.0	2079999	1272.6423	238.65523	1429.8602	-319.43466	-1273.9576	82.257095	16482.518508911133
209	11598.693	278.5939	11898.232	10916.8	11952.682	255.4578	12341.674	11508.593	1000.0	1000.0	2089999	1269.0356	242.25793	1421.944	-481.68182	-1270.3608	83.88131	16571.205743551254
210	10097.797	3511.3748	11774.533	-345.66367	12270.537	231.24617	12598.128	11852.15	1000.0	1000.0	2099999	1267.6414	244.41615	1422.0985	-606.3729	-1268.9536	82.18129	16660.7415933609
211	10487.122	2478.6675	11744.84	3225.864	12000.8125	248.89316	12338.226	11498.438	1000.0	1000.0	2109999	1265.9105	249.25233	1418.079	-800.2886	-1267.2422	85.08105	16743.412535190582
212	11609.691	237.35052	11904.518	11108.967	11781.034	1647.8513	12659.349	6871.7563	1000.0	1000.0	2119999	1266.4701	248.00835	1424.7866	-597.6991	-1267.814	90.5472	16818.938380002975
213	10901.792	1689.7787	12060.974	5950.0107	11166.719	2830.1594	12568.8125	2710.4998	1000.0	1000.0	2129999	1267.5702	244.96802	1425.9155	-413.03177	-1268.9236	85.672386	16899.664880275726
214	11140.26	1375.1608	11852.873	7034.6274	8453.607	3930.4404	12161.332	968.84314	1000.0	1000.0	2139999	1271.1948	239.61409	1421.9946	-330.12866	-1272.5962	88.460724	16980.419968128204
215	11435.066	233.78908	11799.712	11090.128	11854.918	346.1217	12256.289	11030.699	1000.0	1000.0	2149999	1270.4575	238.74228	1429.6478	-509.84653	-1271.7814	84.558365	17058.42905139923
216	11130.379	1011.51965	11959.626	8260.833	11414.896	1132.4409	12511.077	8281.298	1000.0	1000.0	2159999	1270.1432	237.90338	1425.6694	-271.12573	-1271.501	87.470924	17137.90984606743
217	10413.783	2523.1824	11760.954	3040.012	12178.641	261.9145	12605.36	11594.516	1000.0	1000.0	2169999	1271.8467	234.93552	1425.8564	-169.86612	-1273.2217	83.43782	17220.44272494316
218	11554.307	454.05655	12101.375	10636.079	11837.581	276.63953	12232.76	11269.597	1000.0	1000.0	2179999	1271.4556	239.37236	1423.531	-537.0148	-1272.8108	83.63939	17299.20961165428
219	11158.797	614.46906	11722.304	9925.751	12219.067	284.7579	12652.905	11754.834	1000.0	1000.0	2189999	1270.1108	239.893	1423.6492	-390.23215	-1271.4136	78.119736	17379.780062913895
220	11264.148	898.8683	12073.827	9256.223	12000.933	314.74808	12527.038	11548.449	1000.0	1000.0	2199999	1269.1375	239.79	1419.5034	-225.25443	-1270.3916	84.28634	17458.914828777313
221	11378.039	336.1897	11812.126	10850.504	10603.458	2512.5142	12358.841	3985.4617	1000.0	1000.0	2209999	1270.0547	232.96043	1422.3978	-213.24585	-1271.43	81.91469	17537.577303409576
222	10672.474	2625.893	11821.743	2922.556	11537.846	3029.1973	12798.502	2482.0286	1000.0	1000.0	2219999	1273.0394	225.98695	1422.0596	-76.509445	-1274.403	77.72274	17616.1660091877
223	11305.627	518.6049	11978.405	10402.9	12168.846	116.68536	12397.377	12021.706	1000.0	1000.0	2229999	1275.4865	225.2513	1425.8947	-264.0944	-1276.8906	81.215866	17695.64676308632
224	11603.644	428.11554	12179.519	10474.272	12002.195	382.8299	12456.092	11204.629	1000.0	1000.0	2239999	1276.8997	224.34172	1427.9484	-293.71405	-1278.269	84.539375	17775.2222969532
225	11270.241	446.6975	11931.274	10604.02	12143.906	281.83307	12559.543	11706.716	1000.0	1000.0	2249999	1277.6943	224.86531	1426.0933	-82.49132	-1279.0822	84.815765	17854.53999900818
226	10746.674	817.6205	11831.96	9029.621	10465.12	2961.9614	12399.707	2600.274	1000.0	1000.0	2259999	1279.6515	221.82356	1428.5586	-391.0827	-1281.0364	92.319534	17937.095097064972
227	10829.427	1582.452	11824.706	6387.662	12219.382	193.2827	12537.409	11958.92	1000.0	1000.0	2269999	1279.3185	223.21634	1428.8662	-453.19058	-1280.7032	104.745804	18024.104967832565
228	11366.299	462.96075	12136.038	10702.69	10807.618	2282.8384	12200.933	4012.8347	1000.0	1000.0	2279999	1278.9686	226.03777	1422.9862	-472.1731	-1280.3036	97.12263	18101.134182691574
229	10733.891	1151.0703	12042.098	8432.369	11053.341	2174.4258	11997.435	4545.758	1000.0	1000.0	2289999	1274.9713	238.54771	1426.6038	-1030.6078	-1276.251	87.61689	18183.72820663452
230	9762.297	2464.2637	11856.095	3743.4465	9861.876	3390.9104	11967.132	2628.263	1000.0	1000.0	2299999	1273.9508	239.2393	1424.6821	-861.23846	-1275.2999	94.89111	18269.662300109863
231	9165.243	4152.628	12008.133	769.99457	12124.783	265.04028	12560.275	11661.703	1000.0	1000.0	2309999	1272.2153	243.08022	1484.2086	-1259.2104	-1273.5651	96.42189	18354.833691596985
232	11096.691	898.75665	11782.707	8970.135	11476.339	1247.7076	12350.06	7914.0864	1000.0	1000.0	2319999	1270.3468	252.64436	1426.0894	-1712.291	-1271.609	100.77876	18439.034668922424
233	11431.904	214.36292	11856.324	11074.867	11578.154	342.92728	12075.838	11063.027	1000.0	1000.0	2329999	1270.632	252.41205	1428.2616	-1513.7982	-1271.961	106.31079	18518.11956834793
234	10213.859	2987.2285	11735.957	1330.4554	10889.743	1595.9977	12057.297	6548.6416	1000.0	1000.0	2339999	1272.1439	244.11649	1423.3804	-773.3045	-1273.4901	101.02961	18600.260518550873
235	10440.658	1779.3424	11805.564	5738.3184	10792.727	2979.1775	12194.132	1905.1367	1000.0	1000.0	2349999	1271.9161	246.34425	1432.1296	-860.88696	-1273.2338	101.35356	18683.307688951492
236	10729.639	1079.2146	11755.552	8046.1006	11655.57	1000.64935	12301.497	8910.402	1000.0	1000.0	2359999	1272.6671	248.88728	1427.6656	-957.49194	-1274.0028	113.87889	18767.092655420303
237	8533.376	3899.7656	11776.649	1858.9958	10951.848	3303.9016	12429.864	1057.0468	1000.0	1000.0	2369999	1270.3583	254.92943	1438.9229	-1072.0214	-1271.696	110.83983	18853.06767296791
238	9779.416	3675.478	11740.573	-261.75027	12276.454	205.82945	12711.082	11968.854	1000.0	1000.0	2379999	1268.8475	254.89484	1423.9731	-474.68567	-1270.1637	105.71973	18935.19374847412
239	11270.735	260.1598	11682.207	10895.313	11831.238	251.76636	12102.985	11331.846	1000.0	1000.0	2389999	1268.2207	254.28305	1428.9148	-442.28036	-1269.6	111.53781	19008.6471824646
240	11504.667	356.82455	12028.163	10754.496	11938.732	240.6452	12365.87	11603.027	1000.0	1000.0	2399999	1268.159	254.5365	1427.8082	-521.4273	-1269.5013	104.723915	19081.098314523697
241	11398.209	281.904	11834.163	11015.711	10752.124	2952.89	12465.604	3781.5244	1000.0	1000.0	2409999	1268.0378	254.01424	1429.9541	-736.9111	-1269.3798	104.88536	19153.526472091675
242	11366.355	400.7426	11919.784	10483.253	10867.041	2286.0168	12148.505	4037.5508	1000.0	1000.0	2419999	1268.3866	254.17595	1428.0564	-1278.6543	-1269.716	110.708	19225.86685872078
243	10763.932	1240.5953	11959.947	8460.575	12413.904	250.71745	12902.102	12045.576	1000.0	1000.0	2429999	1269.2703	254.95607	1429.7742	-1157.9965	-1270.5605	104.56915	19298.3075902462
244	10699.078	2417.3506	12054.934	3489.7014	12112.0	217.38748	12533.9375	11836.072	1000.0	1000.0	2439999	1267.5599	260.61624	1426.7219	-1095.9117	-1268.8759	107.16999	19370.80227279663
245	11213.758	344.88885	11679.295	10603.438	10647.323	2823.6152	12208.499	3079.4565	1000.0	1000.0	2449999	1267.7578	261.14218	1428.8795	-1016.834	-1269.1138	106.83519	19443.18545126915
246	9830.576	2880.5974	11926.708	1947.7545	11454.607	1148.5238	12175.7295	8061.188	1000.0	1000.0	2459999	1266.7415	260.56888	1423.3336	-595.3805	-1268.1168	109.84704	19515.621980905533
247	10944.605	1291.1538	12039.344	7187.677	11584.537	846.0833	12243.363	9290.83	1000.0	1000.0	2469999	1267.9878	251.71074	1427.6556	-521.79047	-1269.3062	105.40903	19588.019511461258
248	10286.415	3595.7297	11878.967	-460.02917	10408.065	3282.4053	12295.252	2454.0645	1000.0	1000.0	2479999	1266.3398	257.20367	1427.783	-544.0109	-1267.6274	121.094574	19660.44934129715
249	10583.643	2252.236	11783.266	3902.9082	11662.877	1189.0966	12529.433	9138.758	1000.0	1000.0	2489999	1267.3501	258.7297	1425.6089	-948.13367	-1268.6648	123.197685	19732.908315181732
250	11133.633	552.9135	11739.356	9608.01	11147.009	524.9918	11801.697	9931.674	1000.0	1000.0	2499999	1268.6537	261.5278	1425.3754	-1857.9308	-1270.0563	125.587	19805.231443166733
251	11288.216	411.73135	11887.2295	10468.974	11604.311	2173.2932	12576.832	5093.874	1000.0	1000.0	2509999	1269.5859	256.70148	1427.215	-1510.448	-1270.9553	112.6068	19877.68444752693
252	10813.994	1251.7161	11721.267	8164.2495	12237.576	208.22723	12513.731	11915.26	1000.0	1000.0	2519999	1270.75	252.75903	1427.7738	-964.49255	-1272.0872	107.88559	19950.10401558876
253	11372.443	356.75116	11932.815	10759.051	11861.393	146.22905	12162.086	11699.813	1000.0	1000.0	2529999	1268.9987	256.46643	1426.2201	-981.41394	-1270.3162	107.3273	20022.48126268387
254	11393.504	280.5424	11723.001	10894.246	10544.053	2060.206	12103.406	4690.354	1000.0	1000.0	2539999	1269.6205	255.53452	1430.5557	-2013.7324	-1270.9469	117.59574	20094.846751451492
255	11138.373	487.1839	11754.047	9937.483	10617.5	2701.818	12306.073	3589.2002	1000.0	1000.0	2549999	1269.7035	255.87576	1426.6235	-1894.7184	-1270.974	114.3551	20167.219670295715
256	10194.62	2393.8875	11749.129	3361.6406	11750.309	276.69498	12241.653	11350.495	1000.0	1000.0	2559999	1270.6809	259.8713	1430.1471	-1136.8156	-1272.1165	114.56397	20239.61384701729
257	11459.239	332.1439	11994.838	11064.579	12151.162	181.88722	12420.543	11781.159	1000.0	1000.0	2569999	1270.8177	255.50307	1428.1877	-757.0283	-1272.1124	113.26245	20312.058983564377
258	10762.58	2057.7837	11792.982	4628.9556	11295.213	1705.5735	12221.682	6238.0664	1000.0	1000.0	2579999	1267.329	270.48724	1427.3516	-1550.8191	-1268.568	113.74601	20384.352467536926
259	9307.432	3501.8667	11924.893	2801.752	11917.515	303.3139	12261.847	11334.071	1000.0	1000.0	2589999	1264.1667	291.25998	1431.1031	-2563.6252	-1265.4614	122.62875	20456.748624801636
260	11040.803	357.61813	11633.766	10518.639	11631.2295	501.88058	12145.983	10235.383	1000.0	1000.0	2599999	1267.8715	279.7534	1431.7559	-3394.2932	-1269.2339	131.45735	20529.18780708313
261	10660.744	1547.9927	11658.479	6760.09	12197.755	271.31708	12515.257	11717.746	1000.0	1000.0	2609999	1271.2926	267.84277	1437.6648	-2587.6423	-1272.6699	128.11763	20601.60481095314
262	11094.325	627.1251	11725.813	9438.94	8061.931	3789.9316	11670.457	1726.1647	1000.0	1000.0	2619999	1273.9191	252.53394	1434.284	-2978.1084	-1275.2922	123.75928	20674.078273534775
263	10891.166	835.1145	11816.923	8831.466	12084.032	171.62492	12358.133	11850.214	1000.0	1000.0	2629999	1271.9161	249.0278	1430.8607	-1545.6818	-1273.2504	119.402275	20746.409402370453
264	11231.936	526.5905	11834.176	9847.932	10701.5625	2997.6292	12271.49	2266.4592	1000.0	1000.0	2639999	1272.8774	249.852	1431.661	-347.98932	-1274.2535	115.981064	20818.89998269081
265	11248.235	416.4698	12076.13	10583.668	10102.649	1792.731	11570.366	5964.592	1000.0	1000.0	2649999	1272.6737	248.93108	1435.559	-508.24478	-1274.0046	100.69471	20891.32372736931
266	11229.316	597.73987	11966.94	10020.751	11626.568	407.37704	12117.594	10871.77	1000.0	1000.0	2659999	1271.6577	252.22173	1431.8967	-411.0205	-1272.9528	103.284706	20963.730755090714
267	11259.549	579.89764	11821.519	9812.538	9772.825	4124.2266	12283.691	-345.0694	1000.0	1000.0	2669999	1270.5496	254.79375	1431.2719	-476.90784	-1271.892	104.57375	21036.062688350677
268	10686.393	2533.0674	12001.712	3135.1702	12456.268	186.67166	12788.707	12016.601	1000.0	1000.0	2679999	1270.2092	256.72028	1427.9268	-433.7574	-1271.5078	107.05731	21108.465085029602
269	11482.454	848.07544	12122.337	9023.391	10408.067	3082.976	11791.773	1185.2018	1000.0	1000.0	2689999	1269.9595	258.8195	1428.1561	-475.58914	-1271.245	95.0677	21181.017840385437
270	11435.039	602.2847	12008.787	9937.059	11578.886	2222.7053	12615.943	4930.0327	1000.0	1000.0	2699999	1270.4963	259.00778	1429.7549	-858.4826	-1271.7614	104.99189	21253.26134634018
271	11237.702	777.50183	11843.259	9086.792	12385.872	140.00247	12591.368	12130.144	1000.0	1000.0	2709999	1270.1602	261.43866	1429.8718	-1117.5717	-1271.482	109.3498	21325.585342884064
272	10550.012	2069.6875	12002.267	4898.21	11605.198	1890.302	12563.407	5960.3022	1000.0	1000.0	2719999	1271.1584	261.40497	1435.5543	-1076.514	-1272.4716	111.08823	21398.022550821304
273	11578.14	142.5151	11866.594	11429.935	10571.667	3675.8079	12067.821	-446.30856	1000.0	1000.0	2729999	1272.7969	259.06903	1435.9309	-834.3838	-1274.0902	105.94744	21470.43528366089
274	10572.104	1516.6635	12077.88	7505.636	11526.929	2733.9968	12749.829	3352.187	1000.0	1000.0	2739999	1273.1725	257.95538	1430.0682	-731.26166	-1274.4963	112.51839	21542.950979232788
275	10730.568	2231.8267	12007.158	4142.1377	11642.333	257.11432	11866.594	11069.155	1000.0	1000.0	2749999	1272.6749	256.56873	1432.4789	-841.4728	-1273.9752	112.95189	21615.373877763748
276	11068.83	1230.2931	11938.967	7443.8076	12329.035	165.76868	12686.349	12058.925	1000.0	1000.0	2759999	1271.2982	257.5951	1430.5526	-408.50073	-1272.5602	107.98522	21687.685873746872
277	10847.917	1221.3768	11637.513	7872.6255	12170.615	271.49475	12694.375	11668.577	1000.0	1000.0	2769999	1270.3213	259.0968	1432.6073	-256.51743	-1271.6075	107.625374	21759.969924211502
278	11385.851	572.0139	12008.037	10079.49	12244.955	382.84686	12590.487	11215.251	1000.0	1000.0	2779999	1272.4342	252.85332	1427.661	-687.4652	-1273.7952	115.94025	21832.274312973022
279	11045.592	1173.1094	12041.227	7985.0103	10946.796	3143.1587	12459.141	1559.146	1000.0	1000.0	2789999	1274.8851	241.46486	1431.6384	-593.72723	-1276.2234	115.50662	21904.638597726822
280	8729.017	4693.1934	11774.912	-605.4688	12050.296	192.70746	12342.583	11778.592	1000.0	1000.0	2799999	1274.3401	243.04202	1428.0236	-289.41525	-1275.6036	105.33302	21978.934980630875
281	11305.416	431.5492	11933.249	10721.715	11090.688	3251.5474	12496.083	1372.827	1000.0	1000.0	2809999	1273.8363	247.82224	1430.7379	-285.02667	-1275.18	106.28761	22062.30510854721
282	11316.429	518.91003	11855.12	10090.745	12223.881	94.883965	12397.87	12106.046	1000.0	1000.0	2819999	1274.4075	245.1424	1495.7457	-712.61444	-1275.6967	109.50719	22134.845898866653
283	11274.591	375.42355	11731.588	10521.211	11852.65	362.441	12474.667	11295.789	1000.0	1000.0	2829999	1274.562	241.45692	1431.042	-679.06647	-1275.8616	99.8103	22207.261654615402
284	11041.472	1106.2195	11883.202	8173.792	12128.047	350.1836	12483.512	11350.543	1000.0	1000.0	2839999	1276.2861	239.7077	1432.5461	-470.13333	-1277.6691	104.78327	22279.858556985855
285	10885.174	1291.6193	11937.903	8155.3213	11947.651	246.61731	12292.59	11431.098	1000.0	1000.0	2849999	1276.5966	241.35474	1432.8053	-611.01074	-1277.942	107.55373	22352.233598709106
286	11612.088	326.35138	12183.255	11077.126	11982.174	823.41797	12690.318	9731.179	1000.0	1000.0	2859999	1278.2811	235.47736	1432.6681	-576.50806	-1279.6215	106.54931	22424.607020378113
287	10417.267	2544.298	12040.854	3177.4802	12387.412	218.78893	12664.677	12033.353	1000.0	1000.0	2869999	1277.5576	235.65858	1435.4562	-389.99014	-1278.8706	111.33005	22497.02022409439
288	11701.404	259.71478	11988.951	11088.334	12091.18	1210.4451	12774.68	8481.353	1000.0	1000.0	2879999	1276.8768	240.5764	1479.9974	-622.26984	-1278.2084	109.927284	22569.43848180771
289	11490.425	492.75623	12021.16	10273.914	12159.453	168.92467	12471.06	11951.586	1000.0	1000.0	2889999	1277.0138	243.46931	1437.1571	-575.00116	-1278.3466	114.07593	22641.894771575928
290	10856.362	1163.4265	12125.335	7975.0454	11818.623	1631.7108	12664.658	6955.4893	1000.0	1000.0	2899999	1278.5477	243.6262	1440.8016	-499.712	-1279.8817	118.01635	22714.384063482285
291	11378.138	659.2508	12048.962	9673.418	12233.824	181.40358	12423.644	11913.722	1000.0	1000.0	2909999	1278.2036	245.69427	1435.384	-953.1394	-1279.5364	124.09875	22787.00010085106
292	10509.534	2956.602	12089.743	1861.3671	12359.797	194.68575	12605.785	12002.847	1000.0	1000.0	2919999	1277.791	244.1092	1431.8157	-1182.496	-1279.0966	116.2488	22859.373107910156
293	11237.705	790.61615	11799.264	9086.757	11512.161	2426.8967	12805.71	4264.659	1000.0	1000.0	2929999	1276.0236	245.32153	1433.4532	-1028.314	-1277.3374	113.715225	22931.746259450912
294	11586.534	239.58476	12041.148	11209.356	12474.361	146.19412	12664.4	12112.532	1000.0	1000.0	2939999	1275.2122	251.67871	1437.6556	-823.50165	-1276.5107	122.30723	23004.2351872921
295	11482.108	486.17117	12026.445	10324.123	12052.7295	208.2267	12296.091	11553.425	1000.0	1000.0	2949999	1275.0624	248.25902	1433.1683	-662.8056	-1276.4081	113.13885	23076.719455480576
296	11410.691	724.53735	11972.485	9314.716	11392.635	3156.012	12687.557	1936.2399	1000.0	1000.0	2959999	1277.581	240.37517	1436.8645	-722.2592	-1278.9406	107.1992	23149.217834711075
297	10565.681	3182.5952	11994.084	1063.7185	12270.998	219.66055	12681.452	11775.53	1000.0	1000.0	2969999	1277.4894	241.55026	1561.5345	-722.9138	-1278.8087	113.1727	23221.717838287354
298	11146.13	1066.0365	11871.753	8003.1406	11392.833	1725.4401	12143.186	6243.793	1000.0	1000.0	2979999	1275.9733	244.70589	1438.0786	-777.56726	-1277.2264	112.1033	23294.20290708542
299	11428.664	386.614	11810.497	10670.108	11244.393	3532.4712	12718.5625	658.0874	1000.0	1000.0	2989999	1276.7098	240.67859	1430.0128	-932.2666	-1277.9946	107.11115	23366.917125463486
300	11310.596	793.52747	11915.729	9378.946	12397.721	250.04742	12679.683	11784.497	1000.0	1000.0	2999999	1274.872	247.52052	1430.0039	-814.00586	-1276.0969	107.72485	23439.244025468826
